111111111211111111111111111
111111111011111111111111111
111000000001111111011111111
111011111100000000001111111
111011111111111111111111111
111011000000001101111111111
111011011111101100000000001
100011010100001111111111101
101000010101111111111111101
101011110100000000000000101
101000010111011111111110101
101111010111000110000010101
101111010111110110111110101
101000000000110110111110101
101011011110110000000110101
101011000110111111110110101
101011110110110111110110101
101011110110110000000110101
101000000110111101111110101
101110110110011111111110101
100010110111000000000000101
111010100001111101101111101
100010111111111101101111101
101110000000000001101110001
101111111111111101100000111
100000000000000001111111111
111111111111111101111111111
111111111111111101111111111
111111111111111131111111111